54 22
36 62
19754 14184

20 68
34 13
15660 15792

63 17
11 28
2658 11605

15 56
74 29
9393 11622

34 97
83 35
3876 4197

14 62
75 27
12989 4061

46 17
15 54
15841 336

19 61
69 12
204 7413

34 14
29 40
2353 10368

64 32
25 48
3273 304

18 60
66 30
11594 2330

65 47
11 29
4677 195

13 23
42 14
7115 12417

81 55
26 93
2703 5678

50 96
74 20
8694 9856

19 54
74 36
6145 9170

45 76
43 15
4194 5627

28 91
94 48
2282 2009

70 35
33 83
4786 3856

14 89
38 40
2186 3415

55 19
43 79
4737 2757

32 76
60 17
11124 5467

33 62
50 21
4940 12625

56 14
48 92
2888 962

14 58
83 30
6249 5488

47 83
47 11
7153 15685

35 68
52 16
12241 14956

46 72
56 25
6054 4401

35 57
43 14
10516 12390

29 56
41 25
6288 2319

73 19
59 86
9965 8669

13 43
49 13
12137 19559

17 65
67 22
1910 15266

55 27
11 43
7767 5007

26 18
35 94
4719 9616

37 81
58 13
11010 1876

66 43
17 88
6227 5057

36 66
61 31
1642 10702

54 17
15 50
17444 2332

33 74
47 16
1127 13206

45 93
84 43
9867 10858

35 99
64 33
3780 5511

29 62
46 24
14412 6932

91 18
21 20
9303 2474

61 34
30 75
6835 7015

32 82
46 12
7126 14580

30 47
36 11
13922 14563

79 39
12 43
15040 13839

15 14
20 81
1075 1502

35 80
45 11
10380 11870

50 36
21 58
4389 3546

31 95
60 14
5432 4076

96 20
64 77
3424 2687

15 51
60 26
1505 19741

37 12
33 78
10344 13604

70 93
84 21
9184 8034

33 85
99 59
4356 2988

26 27
13 60
1105 3240

55 31
21 46
7181 11070

20 54
41 32
2979 3400

35 19
33 60
10334 11024

84 21
29 79
9575 6340

58 24
15 64
10518 6264

41 12
45 69
10120 8966

87 28
14 67
6242 6571

12 28
65 24
1515 12044

85 24
29 37
7600 2434

34 92
94 69
9882 12282

11 37
23 12
848 8448

52 28
33 63
3429 6843

57 13
56 55
4314 1744

81 24
12 59
13487 6933

72 50
15 40
8927 9290

68 27
16 30
2728 2904

66 13
54 65
6060 1846

56 86
88 44
5840 4138

44 80
46 15
15084 8430

50 18
13 60
6386 6944

15 63
67 14
12210 802

22 65
65 33
2817 4983

23 37
51 11
4351 1387

58 39
14 50
2678 3343

13 80
65 68
4784 5536

47 93
84 33
5496 3948

51 13
21 58
13064 14007

38 22
12 26
1962 11422

51 13
34 62
13062 2106

31 11
44 78
4550 7654

97 27
48 63
10321 3816

59 17
27 78
978 18744

68 27
25 64
2115 1002

19 33
91 19
7873 2689

39 96
47 16
5548 8672

58 11
20 80
4668 4086

13 33
56 14
3696 1396

21 45
34 13
15420 12003

12 22
77 27
2487 1477

58 89
70 19
5774 1787

25 63
53 13
13823 19135

45 36
34 99
6416 9369

81 35
18 50
4203 5025

81 28
12 58
2592 5258

57 21
19 67
19310 9410

62 48
25 84
1505 2652

98 18
20 26
9334 1960

23 42
33 13
11779 4858

12 36
75 39
4355 8495

20 34
37 18
10274 2754

89 26
18 44
4524 1864

11 36
53 21
18093 17453

48 22
47 74
8784 8868

29 53
45 16
12465 10268

47 82
65 19
4989 3984

98 36
52 96
1610 1668

31 75
63 26
1468 2161

14 66
47 14
5961 12456

20 87
70 44
1740 3922

52 21
16 43
3884 7457

93 97
91 20
2827 851

68 15
23 63
10422 7157

84 68
22 86
2696 2728

67 34
40 83
5256 5865

34 49
97 12
3687 1352

15 90
89 21
7432 2013

41 13
12 50
7134 14486

20 28
32 13
10032 19165

27 77
69 13
9554 15260

47 23
32 54
6409 355

56 81
64 16
7600 5786

46 17
37 66
7509 14295

18 33
64 36
16814 12887

22 79
92 31
3856 5165

43 12
30 74
1825 17414

74 49
28 70
6646 9135

85 14
12 79
1124 3340

60 31
11 44
14996 12846

62 17
12 54
17176 5908

73 54
21 91
4258 4810

32 57
36 11
412 2137

80 65
12 63
2060 5135

38 19
11 30
2771 8832

12 63
89 94
2441 3484

64 42
19 44
10186 11248

21 47
81 42
6363 4491

55 70
90 13
7855 6037

39 78
53 19
19180 483

11 77
74 17
6027 1608

71 34
20 54
1962 12986

19 50
57 25
19082 12150

54 19
13 31
1754 19209

77 15
17 98
7856 7117

86 35
18 85
6694 6375

14 62
63 41
1330 4938

92 51
38 74
6240 8435

14 20
86 27
4106 2319

54 17
36 69
6488 2762

82 96
82 15
4592 2460

14 65
71 24
9947 3249

33 54
23 11
7043 12653

35 12
16 47
7136 7027

11 26
39 20
8298 1518

50 12
13 23
1816 2066

17 38
63 40
9007 7834

55 19
11 28
14257 9219

55 18
11 69
1343 5285

19 53
74 28
2560 1920

12 59
39 14
5354 317

72 14
91 86
9387 7358

18 84
54 48
3852 6960

12 69
57 12
6488 7169

15 30
42 15
12671 10775

25 12
34 96
2435 6348

29 12
40 66
1315 17804

69 26
22 56
6670 4708

19 42
62 21
2458 16769

45 17
23 38
5151 19084

17 33
35 14
14888 18170

74 36
14 57
14816 15158

36 14
32 60
3368 15472

85 19
83 89
10387 4717

55 18
37 68
16050 14820

52 21
15 49
4037 6619

75 11
11 51
19531 6083

90 21
29 38
10125 3768

33 70
45 20
4805 17590

11 28
58 33
4190 18722

95 50
16 70
3754 2530

88 19
35 84
7511 3227

48 12
11 31
9355 19551

71 40
39 96
9850 12656

18 46
69 53
1584 3308

65 26
62 89
7671 5829

92 51
19 41
4806 5650

26 98
50 39
6268 10174

16 64
34 12
16854 11364

20 69
61 23
408 12175

49 16
11 45
17005 1724

82 15
92 80
15178 8525

98 17
32 95
4930 5596

74 24
63 72
4818 1872

63 23
29 74
4610 2155

14 69
46 16
5686 14981

12 44
73 32
1404 2320

16 61
36 16
19784 1294

79 17
11 57
18419 19769

27 61
32 16
11215 8185

80 14
55 94
6715 3622

13 99
67 60
1132 5469

11 64
68 52
1359 3096

16 40
60 34
4712 2220

50 11
12 60
15794 4259

38 17
29 54
1335 6160

36 59
93 32
6990 6880

29 97
62 55
3255 5097

25 21
22 73
3307 5831

15 75
87 82
2655 6215

22 82
74 39
4198 6648

41 61
36 11
7347 17092

82 51
19 60
1729 1509

43 13
49 76
8520 7788

97 24
46 51
1349 1245

84 38
13 51
10408 4606

48 97
80 28
9584 8808

13 32
76 43
16226 18495

14 33
78 54
1852 2028

11 30
73 37
7433 18454

23 56
31 16
12525 3816

55 16
21 68
16009 16852

17 47
76 37
6637 12724

74 88
59 12
9928 6688

26 87
32 21
1790 3063

25 71
56 19
1849 5946

51 76
59 28
7997 6644

53 28
32 62
5323 6228

33 69
39 18
575 13307

93 15
56 55
7024 3845

21 53
68 24
5268 7924

13 51
78 27
15733 10982

12 79
50 11
7094 2854

21 83
90 69
2607 5143

94 16
25 54
10271 6474

80 14
12 69
15888 10392

58 37
15 54
1422 3573

13 28
59 29
2235 12810

11 32
58 13
438 6564

14 72
93 84
4137 7476

63 29
27 54
4319 1669

86 28
30 60
5710 2060

15 54
52 19
9815 1199

24 63
57 20
16160 12588

19 37
57 33
2324 15332

25 14
31 56
7136 17336

66 29
25 57
13681 16936

36 93
84 56
6720 11242

92 41
18 96
1396 1150

12 38
63 28
19403 12776

72 28
13 37
5137 3113

90 72
91 13
5795 2543

28 13
31 49
16418 9287

17 33
64 32
11422 2206

71 22
16 45
2918 7791

15 36
55 35
7930 7704

57 65
95 17
11818 4800

22 46
33 21
1232 1040

34 98
85 39
7582 9494

63 15
15 47
13439 17391

20 41
38 23
2052 10086

14 66
84 28
16902 10730

27 12
17 43
9367 12201

30 49
40 20
8430 10049

82 22
46 97
3798 4236

56 55
94 13
6522 5533

39 41
59 16
4261 3559

59 18
11 63
15316 10169

59 55
20 98
375 667

11 93
64 67
6699 14917

13 46
48 15
1661 1232

36 99
85 42
2224 3048

11 75
28 22
2614 6168

21 97
94 81
7763 8662

34 13
26 42
8612 15869

39 71
31 13
19737 5345

21 60
75 30
10448 18140

24 49
47 17
7371 12446

56 86
94 41
3570 4759

14 50
54 28
19392 1330

20 67
52 13
1000 3692

14 26
50 21
7114 9374

19 55
39 16
15710 8361

56 14
63 96
4851 3540

33 67
54 24
5447 1189

39 84
89 24
10312 8292

51 19
53 74
4001 3498

67 43
11 36
4764 9202

21 62
54 22
4434 2234

89 87
24 88
6501 7323

54 29
28 51
13224 17258

62 45
39 94
4796 9262

45 23
12 52
11084 11636

22 37
48 25
5514 11182

15 38
75 39
16520 17711

78 11
49 92
9365 6341

98 14
13 64
5741 2498

13 63
61 20
13770 14824

21 38
62 37
17864 15513

24 21
15 62
1476 4224

16 75
52 12
468 8849

14 41
46 22
2040 1353

49 16
29 54
10446 18614

11 69
75 18
10963 2327

37 64
47 20
18201 3324

99 14
87 75
14862 6177

12 58
82 33
7438 6507

72 13
13 79
14160 11952

24 55
73 39
12196 4761

47 28
21 52
969 9732

57 29
15 30
17750 13700

40 23
13 26
13248 14881

68 13
85 90
9707 6207

47 23
19 57
2226 13254
