91 23 98 -65
100 68 -43 14
33 76 55 34
83 21 14 67
59 43 -65 77
2 89 -53 61
22 83 44 85
54 82 13 72
72 70 -81 43
9 89 42 -76
80 10 -79 -19
65 86 -38 -35
67 41 -87 72
39 82 -20 -80
76 20 -4 98
44 22 56 63
91 13 -74 19
48 56 -15 69
61 30 99 74
10 38 55 80
24 61 59 -72
98 50 74 95
17 33 3 87
91 70 17 -7
79 92 31 -49
8 30 -73 -95
9 34 -83 -34
62 17 21 29
47 51 -56 38
57 64 86 96
92 1 18 43
16 72 89 -69
85 96 -23 -91
7 25 95 -50
95 71 30 -47
23 5 19 -91
79 40 87 73
12 84 63 6
30 79 -92 85
64 36 91 70
63 6 26 50
64 76 -41 -80
61 6 -10 -22
54 65 41 -68
95 101 -33 19
90 18 77 19
46 40 -91 66
11 10 -7 43
9 23 33 -48
72 59 -95 4
10 40 -98 -54
85 80 -3 82
56 45 -50 76
66 8 -55 67
34 101 75 -84
57 31 66 25
1 98 -78 71
95 62 -4 -85
68 34 6 4
64 83 -96 64
59 93 43 24
41 37 40 -37
53 71 -90 6
6 54 -38 -27
14 78 -98 -35
62 72 -19 -49
70 52 96 -83
8 71 -18 -4
75 67 -50 96
93 49 37 -30
37 67 -51 -10
41 19 -30 -23
10 13 79 -84
22 83 -26 -38
68 79 -85 -52
78 72 -65 -73
66 53 -60 -19
84 79 -99 -87
12 67 34 -10
77 17 67 -71
9 41 -93 -58
87 42 43 -23
88 90 27 16
11 28 -82 -19
44 68 56 58
1 89 -58 -87
6 68 85 -55
37 41 55 52
4 102 -47 -56
30 42 -77 -51
14 34 74 11
91 68 72 -28
28 6 -23 74
75 30 66 34
66 69 50 -79
92 86 -26 -82
67 32 82 80
44 80 -61 -28
86 55 22 -45
18 44 -11 56
41 76 25 5
81 1 80 -52
3 64 -83 -93
3 30 -83 1
100 86 -88 44
41 31 45 70
60 21 -65 -23
4 0 54 98
24 68 -98 -93
5 25 79 -81
39 44 26 -51
65 5 -49 81
50 2 -40 -25
96 100 -43 88
21 95 34 2
38 42 15 97
90 102 74 64
29 66 -58 -54
86 32 7 12
57 83 -50 -90
25 35 -77 11
97 102 47 -95
81 12 -54 -98
6 56 23 -51
80 102 -79 16
93 26 -83 83
32 86 23 -43
24 84 -52 -97
20 52 23 79
51 95 -96 88
23 89 69 3
42 23 -66 53
96 69 -28 65
23 50 99 41
97 77 94 -80
10 92 -63 19
70 32 92 1
7 66 -96 -67
77 14 -34 -37
99 46 41 25
61 39 -45 -27
76 80 -19 93
57 36 52 32
62 53 38 -67
83 11 39 -45
37 92 -46 23
81 39 -69 73
48 63 -5 -24
14 15 74 36
48 35 81 -30
31 50 -21 -10
87 93 -83 33
46 101 -55 35
79 96 -94 54
71 31 1 -23
14 51 44 76
42 20 -91 14
0 21 -48 87
61 24 -28 -26
48 27 -91 8
84 78 -49 -90
35 66 -77 13
81 30 52 39
66 76 85 5
19 45 80 -78
51 77 -55 -79
59 2 82 36
22 83 22 -65
82 17 52 15
84 61 -49 52
19 46 80 90
35 81 71 -13
94 24 78 91
19 33 8 61
47 25 69 -96
6 8 -2 -60
9 20 -22 -19
68 0 21 -5
30 15 -97 84
9 59 -19 -84
77 35 57 35
91 54 -13 -31
53 69 81 -69
27 41 -54 33
28 69 -67 65
23 58 60 -48
35 16 35 36
39 84 -84 -18
41 82 45 71
34 48 16 61
22 1 39 -87
42 85 -76 68
5 52 18 -34
19 58 -62 -34
60 4 -30 26
32 43 4 -92
10 38 -78 1
54 76 -46 6
9 93 -17 -39
93 27 -61 -89
39 89 93 6
23 69 8 55
23 8 -52 43
29 96 4 57
88 49 2 93
37 49 20 -36
48 84 85 82
62 101 6 16
79 82 -39 -4
10 71 -12 -4
35 42 -31 -61
2 95 -50 53
44 26 -97 -13
2 36 84 -89
3 64 -25 -39
35 23 4 67
38 102 -26 -53
11 70 -22 -4
41 42 -97 55
59 76 52 -82
39 23 29 53
7 46 -47 1
82 27 -84 32
56 20 26 -5
76 33 16 -58
87 46 -74 -68
63 3 97 2
71 15 -30 22
37 6 80 5
39 66 60 51
85 62 -40 94
26 97 41 -51
84 63 -86 69
23 59 -97 -96
93 32 77 -47
88 1 -23 64
14 36 -67 -49
40 94 -25 78
54 54 -47 1
96 31 93 90
91 21 -94 -57
88 23 25 21
12 64 16 -8
75 17 -73 70
32 9 38 -36
37 2 80 64
72 69 66 62
52 98 -23 42
10 74 36 38
33 6 -42 -87
83 55 22 -48
59 80 -80 76
1 32 -70 -30
34 49 33 -58
28 25 34 74
57 43 50 23
7 12 53 9
54 30 -95 -9
11 91 28 37
70 38 -9 -92
30 15 25 77
88 63 -98 39
40 15 -51 -19
100 26 28 -88
68 30 -90 66
44 80 -56 54
11 58 39 42
62 85 67 13
92 6 2 -88
71 98 -30 -5
99 33 -69 -13
90 84 -87 76
23 71 24 27
62 61 16 -35
42 57 -86 -34
28 66 -16 -7
88 94 -99 78
95 42 51 -82
82 50 52 4
1 69 -53 -21
37 21 91 -37
30 2 -32 -81
18 59 -7 -96
40 28 -56 94
45 66 50 -31
39 79 -41 -42
75 68 97 -42
27 22 -21 -33
6 15 -34 -68
28 94 -65 -7
48 25 -15 63
77 51 -85 -54
36 53 -48 -7
15 38 -73 -41
24 73 -23 2
17 15 -37 63
12 59 -33 57
45 66 -96 10
27 98 -67 71
88 66 -14 79
59 12 91 36
7 29 3 15
44 90 -76 47
77 45 67 -23
14 62 -47 -86
28 90 -77 -80
65 17 -80 70
63 47 62 -99
47 30 -71 97
7 47 -58 83
2 57 12 -3
57 71 70 47
56 26 94 55
66 97 -71 45
41 54 -30 -86
31 85 -26 47
63 55 -39 48
6 84 28 -66
64 62 -50 86
51 49 91 -82
19 95 44 30
54 98 96 -32
71 65 54 42
97 72 83 -21
71 19 -95 -9
59 45 51 83
85 18 37 -53
59 58 -60 86
96 63 68 -89
53 25 58 -22
95 72 52 7
10 0 -83 16
48 50 -16 -44
25 27 -30 45
79 33 73 44
40 3 -36 -70
68 85 -64 -72
86 73 -9 -72
25 53 50 90
64 41 68 -76
85 42 -69 -61
84 57 -10 -73
36 53 -89 22
24 55 54 -17
1 97 -43 93
29 1 95 -49
19 22 28 90
73 59 18 -7
65 36 41 48
22 50 -57 -72
61 36 11 56
18 96 -68 -1
88 18 -89 5
73 2 36 68
24 99 49 88
43 50 -5 -20
34 99 95 -56
9 2 48 -52
68 39 -55 -30
33 99 -42 12
80 26 52 -23
31 70 19 -7
75 27 23 -69
41 8 40 -22
2 36 -28 -89
13 92 49 -38
25 60 -82 96
7 33 -83 11
58 63 56 -65
62 85 -85 68
97 16 -18 -50
48 34 -47 43
43 82 -71 20
63 55 -60 -17
28 62 -75 -70
7 52 -12 47
72 73 66 -4
98 33 68 -64
87 51 -79 -89
98 63 -58 -72
57 22 -15 87
11 20 42 -63
72 10 66 -67
28 20 -87 1
22 5 -90 29
23 30 66 30
38 26 -21 32
90 87 -28 58
71 94 22 13
32 32 24 -71
9 30 69 29
34 64 -11 17
80 35 78 63
39 93 72 -8
63 94 -42 96
85 26 -69 -31
5 100 -22 5
96 37 99 -85
55 51 43 5
20 58 84 93
1 29 41 82
83 73 -79 -62
71 98 21 23
49 72 -87 -38
0 63 -50 62
69 50 68 34
94 37 48 38
5 28 -53 63
99 58 -15 44
1 86 -78 34
25 25 69 -91
15 13 -57 -19
68 59 92 -17
7 65 -58 72
90 88 -83 83
31 60 69 -40
83 60 52 -55
16 63 86 -5
21 19 -82 -85
4 74 -12 -1
51 76 -73 -63
71 67 26 41
3 86 -88 6
5 65 73 31
79 66 -44 -96
80 79 39 49
24 66 -25 64
0 1 2 -49
40 21 -25 97
97 47 -28 90
97 70 -61 -99
12 42 -38 -44
42 39 -86 42
17 28 94 -16
68 50 37 4
31 46 -81 -89
95 74 -23 -28
24 35 -82 -23
53 27 54 27
26 17 95 -57
77 92 37 54
99 33 68 -30
46 100 20 19
64 22 -95 43
9 94 -88 6
44 78 70 -52
100 67 38 -66
31 79 90 16
57 67 40 -86
79 48 67 -96
46 100 73 44
26 18 -7 80
60 84 21 -59
18 16 64 17
48 81 91 -35
54 9 -10 43
34 58 -16 31
33 0 -77 -63
90 1 -36 -27
53 68 71 34
37 60 75 -93
49 8 30 -40
10 102 94 19
78 54 60 -21
42 52 35 48
98 69 66 -32
89 98 -47 80
44 8 56 70
67 8 97 26
7 81 65 39
87 38 23 97
95 11 87 -5
23 13 14 80
98 13 84 34
1 57 -22 3
22 10 81 -8
75 14 -44 -26
7 75 3 -80
1 20 -58 84
20 12 79 -60
80 8 78 -36
41 66 64 -33
82 30 -59 63
95 50 53 -84
27 0 -87 40
58 18 -25 53
50 34 65 22
6 41 50 37
3 72 -56 -25
85 1 67 -15
63 52 34 -93
28 72 4 -35
59 102 -71 -39
26 16 24 49
10 97 -3 90
22 82 -32 88
47 25 -96 -16
58 102 72 -78
26 92 76 -72
28 22 34 -2
